
========== frame 2 (t=485722) ==========
-- F8 --
PC0=10EF PC1=22BF DC0=0C81  acc=10 visar=17 romc=0C phase=5
scratch 0-F: 00 00 00 00 00 00 00 00 00 00 0F EA 10 DF 12 00
ISAR=17 (S)=00  buffer 10-1F: C7 02 40 00 00 00 00 00 00 00 00 00 00 00 00 00
-- UV201 --
cmd=02 bg=00 fmod=00 y_int=00  video_en=0 x_zoom=0 y_zoom=0
hpos=  1 vpos=  0 field=0 fifo_level=0
freeze_x=0 freeze_y=0 joy_enable=1 joy_latch=FF
-- object list (rp_lo rp_hi dx dy x ylo_a yhi_a ylo_b yhi_b) --
 0: 00 00 00 00 00  00 00  00 00
 1: 00 00 00 00 00  00 00  00 00
 2: 00 00 00 00 00  00 00  00 00
 3: 00 00 00 00 00  00 00  00 00
 4: 00 00 00 00 00  00 00  00 00
 5: 00 00 00 00 00  00 00  00 00
 6: 00 00 00 00 00  00 00  00 00
 7: 00 00 00 00 00  00 00  00 00
 8: 00 00 00 00 00  00 00  00 00
 9: 00 00 00 00 00  00 00  00 00
10: 00 00 00 00 00  00 00  00 00
11: 00 00 00 00 00  00 00  00 00
12: 00 00 00 00 00  00 00  00 00
13: 00 00 00 00 00  00 00  00 00
14: 00 00 00 00 00  00 00  00 00
15: 00 00 00 00 00  00 00  00 00
-- frame 189x241 hash 7552776F uniform --
-- system RAM 0C00-0FFF --
0C00: 60 06 00 48 04 80 48 04 80 48 04 80 30 03 00 30 
0C10: 03 00 30 03 00 24 02 40 24 02 40 24 02 40 18 01 
0C20: 80 18 01 80 00 00 00 7F 07 F8 80 08 00 C7 0C 70 
0C30: C7 0C 80 C7 0F F8 C7 12 00 00 00 00 00 00 00 00 
0C40: 00 00 00 00 00 00 00 00 00 00 00 00 00 00 00 00 
0C50: 00 00 00 00 00 00 00 00 00 00 00 00 00 00 00 00 
0C60: 00 00 00 00 00 00 00 00 00 00 00 00 00 00 00 00 
0C70: 00 00 00 00 00 00 00 00 00 00 00 00 00 00 00 00 
0C80: A5 00 00 00 00 00 00 00 00 00 00 00 00 00 00 00 
0C90: 00 00 00 00 00 00 00 00 00 00 00 00 00 00 00 00 
0CA0: 00 00 00 00 00 00 00 00 00 00 00 00 00 00 00 00 
0CB0: 00 00 00 00 00 00 00 00 00 00 00 00 00 00 00 00 
0CC0: 00 00 00 00 00 00 00 00 00 00 00 00 00 00 00 00 
0CD0: 00 00 00 00 00 00 00 00 00 00 00 00 00 00 00 00 
0CE0: 00 00 00 00 00 00 00 00 00 00 00 00 00 00 00 00 
0CF0: 00 00 00 00 00 00 00 00 00 00 00 00 00 00 00 00 
0D00: 00 00 00 00 00 00 00 00 00 00 00 00 00 00 00 00 
0D10: 00 00 00 00 00 00 00 00 00 00 00 00 00 00 00 00 
0D20: 00 00 00 00 00 00 00 00 00 00 00 00 00 00 00 00 
0D30: 00 00 00 00 00 00 00 00 00 00 00 00 00 00 00 00 
0D40: 00 00 00 00 00 00 00 00 00 00 00 00 00 00 00 00 
0D50: 00 00 00 00 00 00 00 00 00 00 00 00 00 00 00 00 
0D60: 00 00 00 00 00 00 00 00 00 00 00 00 00 00 00 00 
0D70: 00 00 00 00 00 00 00 00 00 00 00 00 00 00 00 00 
0D80: 00 00 00 00 00 00 00 00 00 00 00 00 00 00 00 00 
0D90: 00 00 00 00 00 00 00 00 00 00 00 00 00 00 00 00 
0DA0: 00 00 00 00 00 00 00 00 00 00 00 00 00 00 00 00 
0DB0: 00 00 00 00 00 00 00 00 00 00 00 00 00 00 00 00 
0DC0: 00 00 00 00 00 00 00 00 00 00 00 00 00 00 00 00 
0DD0: 00 00 00 00 00 00 00 00 00 00 00 00 00 00 00 00 
0DE0: 00 00 00 00 00 00 00 00 00 00 00 00 00 00 00 00 
0DF0: 00 00 00 00 00 00 00 00 00 00 00 00 00 00 00 00 
0E00: 00 00 00 00 00 00 00 00 00 00 00 00 00 00 00 00 
0E10: 00 00 00 00 00 00 00 00 00 00 00 00 00 00 00 00 
0E20: 00 00 00 00 00 00 00 00 00 00 00 00 00 00 00 00 
0E30: 00 00 00 00 00 00 00 00 00 00 00 00 00 00 00 00 
0E40: 00 00 00 00 00 00 00 00 00 00 00 00 00 00 00 00 
0E50: 00 00 00 00 00 00 00 00 00 00 00 00 00 00 00 00 
0E60: 00 00 00 00 00 00 00 00 00 00 00 00 00 00 00 00 
0E70: 00 00 00 00 00 00 00 00 00 00 00 00 00 00 00 00 
0E80: 00 00 00 00 00 00 00 00 00 00 00 00 00 00 00 00 
0E90: 00 00 00 00 00 00 00 00 00 00 00 00 00 00 00 00 
0EA0: 00 00 00 00 00 00 00 00 00 00 00 00 00 00 00 00 
0EB0: 00 00 00 00 00 00 00 00 00 00 00 00 00 00 00 00 
0EC0: 00 00 00 00 00 00 00 00 00 00 00 00 00 00 00 00 
0ED0: 00 00 00 00 00 00 00 00 00 00 00 00 00 00 00 00 
0EE0: 00 00 00 00 00 00 00 00 00 00 00 00 00 00 00 00 
0EF0: 00 00 00 00 00 00 00 00 00 00 00 00 00 00 00 00 
0F00: 00 00 00 00 00 00 00 00 00 00 00 00 00 00 00 00 
0F10: 00 00 00 00 00 00 00 00 00 00 00 00 00 00 00 00 
0F20: 00 00 00 00 00 00 00 00 00 00 00 00 00 00 00 00 
0F30: 00 00 00 00 00 00 00 00 00 00 00 00 00 00 00 00 
0F40: 00 00 00 00 00 00 00 00 00 00 00 00 00 00 00 00 
0F50: 00 00 00 00 00 00 00 00 00 00 00 00 00 00 00 00 
0F60: 00 00 00 00 00 00 00 00 00 00 00 00 00 00 00 00 
0F70: 00 00 00 00 00 00 00 00 00 00 00 00 00 00 00 00 
0F80: 00 00 00 00 00 00 00 00 00 00 00 00 00 00 00 00 
0F90: 00 00 00 00 00 00 00 00 00 00 00 00 00 00 00 00 
0FA0: 00 00 00 00 00 00 00 00 00 00 00 00 00 00 00 00 
0FB0: 00 00 00 00 00 00 00 00 00 00 00 00 00 00 00 00 
0FC0: 00 00 00 00 00 00 00 00 00 00 00 00 00 00 00 00 
0FD0: 00 00 00 00 00 00 00 00 00 00 00 00 00 00 00 00 
0FE0: 00 00 00 00 00 00 00 00 00 00 02 00 00 00 00 00 
0FF0: 00 00 00 00 00 00 00 00 00 00 00 00 00 00 00 00 
